-229
-615
720
-965
349
981
44
1071
48
1125
703
815
872
-1433
-640
-559
691
695
1376
-811
-1114
-785
-1275
-76
-1201
-134
-831
-569
1308
-498
470
428
-415
-664
738
-1184
465
1029
127
1242
139
1246
798
880
788
-1438
-662
-561
724
597
1294
-883
-1145
-683
-1214
54
-1205
-22
-801
-488
1298
-614
458
400
-445
-617
603
-1146
508
920
205
1150
211
1151
834
758
717
-1520
-688
-483
774
580
1288
-1003
-1183
-604
-1249
97
-1176
24
-796
-478
1349
-724
476
408
-525
-631
592
-1259
600
976
263
1206
267
1202
891
767
643
-1588
-747
-465
817
561
1247
-1013
-1188
-576
-1215
149
-1207
98
-828
-442
1327
-765
513
414
-549
-645
570
-1306
618
957
317
1205
308
1259
925
739
640
-1628
-731
-501
827
563
1267
-1048
-1209
-610
-1240
128
-1230
57
-867
-449
1366
-748
521
400
-521
-641
591
-1306
618
978
285
1241
308
1224
938
719
636
-1631
-747
-485
830
546
1251
-1096
-1269
-566
-1259
185
-1207
89
-883
-457
1347
-796
523
405
-571
-630
568
-1330
635
946
319
1238
320
1248
949
740
656
-1649
-747
-483
855
557
1273
-1052
-1270
-575
-1272
145
-1254
91
-861
-462
1373
-772
531
421
-550
-648
608
-1333
645
943
312
1225
326
1243
974
728
620
-1668
-764
-476
857
555
1274
-1092
-1266
-576
-1285
165
-1237
84
-853
-449
1349
-794
549
389
-570
-615
558
-1358
639
958
332
1238
354
1266
980
710
584
-1666
-785
-468
843
528
1236
-1137
-1278
-522
-1259
204
-1235
155
-894
-425
1316
-840
540
372
-580
-581
503
-1368
684
951
394
1196
418
1256
1003
664
498
-1678
-793
-458
878
504
1186
-1189
-1280
-483
-1257
229
-1211
252
-928
-454
1322
-737
583
-145
-229
-615
720
-965
349
981
44
1071
48
1125
703
815
872
-1433
-640
-559
691
695
1376
-811
-1114
-785
-1275
-76
-1201
-134
-831
-569
1308
-498
470
428
-415
-664
738
-1184
465
1029
127
1242
139
1246
798
880
788
-1438
-662
-561
724
597
1294
-883
-1145
-683
-1214
54
-1205
-22
-801
-488
1298
-614
458
400
-445
-617
603
-1146
508
920
205
1150
211
1151
834
758
717
-1520
-688
-483
774
580
1288
-1003
-1183
-604
-1249
97
-1176
24
-796
-478
1349
-724
476
408
-525
-631
592
-1259
600
976
263
1206
267
1202
891
767
643
-1588
-747
-465
817
561
1247
-1013
-1188
-576
-1215
149
-1207
98
-828
-442
1327
-765
513
414
-549
-645
570
-1306
618
957
317
1205
308
1259
925
739
640
-1628
-731
-501
827
563
1267
-1048
-1209
-610
-1240
128
-1230
57
-867
-449
1366
-748
521
400
-521
-641
591
-1306
618
978
285
1241
308
1224
938
719
636
-1631
-747
-485
830
546
1251
-1096
-1269
-566
-1259
185
-1207
89
-883
-457
1347
-796
523
405
-571
-630
568
-1330
635
946
319
1238
320
1248
949
740
656
-1649
-747
-483
855
557
1273
-1052
-1270
-575
-1272
145
-1254
91
-861
-462
1373
-772
531
421
-550
-648
608
-1333
645
943
312
1225
326
1243
974
728
620
-1668
-764
-476
857
555
1274
-1092
-1266
-576
-1285
165
-1237
84
-853
-449
1349
-794
549
389
-570
-615
558
-1358
639
958
332
1238
354
1266
980
710
584
-1666
-785
-468
843
528
1236
-1137
-1278
-522
-1259
204
-1235
155
-894
-425
1316
-840
540
372
-580
-581
503
-1368
684
951
394
1196
418
1256
1003
664
498
-1678
-793
-458
878
504
1186
-1189
-1280
-483
-1257
229
-1211
252
-928
-454
1322
-737
583
-145
-229
-615
720
-965
349
981
44
1071
48
1125
703
815
872
-1433
-640
-559
691
695
1376
-811
-1114
-785
-1275
-76
-1201
-134
-831
-569
1308
-498
470
428
-415
-664
738
-1184
465
1029
127
1242
139
1246
798
880
788
-1438
-662
-561
724
597
1294
-883
-1145
-683
-1214
54
-1205
-22
-801
-488
1298
-614
458
400
-445
-617
603
-1146
508
920
205
1150
211
1151
834
758
717
-1520
-688
-483
774
580
1288
-1003
-1183
-604
-1249
97
-1176
24
-796
-478
1349
-724
476
408
-525
-631
592
-1259
600
976
263
1206
267
1202
891
767
643
-1588
-747
-465
817
561
1247
-1013
-1188
-576
-1215
149
-1207
98
-828
-442
1327
-765
513
414
-549
-645
570
-1306
618
957
317
1205
308
1259
925
739
640
-1628
-731
-501
827
563
1267
-1048
-1209
-610
-1240
128
-1230
57
-867
-449
1366
-748
521
400
-521
-641
591
-1306
618
978
285
1241
308
1224
938
719
636
-1631
-747
-485
830
546
1251
-1096
-1269
-566
-1259
185
-1207
89
-883
-457
1347
-796
523
405
-571
-630
568
-1330
635
946
319
1238
320
1248
949
740
656
-1649
-747
-483
855
557
1273
-1052
-1270
-575
-1272
145
-1254
91
-861
-462
1373
-772
531
421
-550
-648
608
-1333
645
943
312
1225
326
1243
974
728
620
-1668
-764
-476
857
555
1274
-1092
-1266
-576
-1285
165
-1237
84
-853
-449
1349
-794
549
389
-570
-615
558
-1358
639
958
332
1238
354
1266
980
710
584
-1666
-785
-468
843
528
1236
-1137
-1278
-522
-1259
204
-1235
155
-894
-425
1316
-840
540
372
-580
-581
503
-1368
684
951
394
1196
418
1256
1003
664
498
-1678
-793
-458
878
504
1186
-1189
-1280
-483
-1257
229
-1211
252
-928
-454
1322
-737
583
-145
