-615
-965
981
1071
1125
815
-1433
-559
695
-811
-785
-76
-134
-569
-498
428
-664
-1184
1029
1242
1246
880
-1438
-561
597
-883
-683
54
-22
-488
-614
400
-617
-1146
920
1150
1151
758
-1520
-483
580
-1003
-604
97
24
-478
-724
408
-631
-1259
976
1206
1202
767
-1588
-465
561
-1013
-576
149
98
-442
-765
414
-645
-1306
957
1205
1259
739
-1628
-501
563
-1048
-610
128
57
-449
-748
400
-641
-1306
978
1241
1224
719
-1631
-485
546
-1096
-566
185
89
-457
-796
405
-630
-1330
946
1238
1248
740
-1649
-483
557
-1052
-575
145
91
-462
-772
421
-648
-1333
943
1225
1243
728
-1668
-476
555
-1092
-576
165
84
-449
-794
389
-615
-1358
958
1238
1266
710
-1666
-468
528
-1137
-522
204
155
-425
-840
372
-581
-1368
951
1196
1256
664
-1678
-458
504
-1189
-483
229
252
-454
-737
-145
-615
-965
981
1071
1125
815
-1433
-559
695
-811
-785
-76
-134
-569
-498
428
-664
-1184
1029
1242
1246
880
-1438
-561
597
-883
-683
54
-22
-488
-614
400
-617
-1146
920
1150
1151
758
-1520
-483
580
-1003
-604
97
24
-478
-724
408
-631
-1259
976
1206
1202
767
-1588
-465
561
-1013
-576
149
98
-442
-765
414
-645
-1306
957
1205
1259
739
-1628
-501
563
-1048
-610
128
57
-449
-748
400
-641
-1306
978
1241
1224
719
-1631
-485
546
-1096
-566
185
89
-457
-796
405
-630
-1330
946
1238
1248
740
-1649
-483
557
-1052
-575
145
91
-462
-772
421
-648
-1333
943
1225
1243
728
-1668
-476
555
-1092
-576
165
84
-449
-794
389
-615
-1358
958
1238
1266
710
-1666
-468
528
-1137
-522
204
155
-425
-840
372
-581
-1368
951
1196
1256
664
-1678
-458
504
-1189
-483
229
252
-454
-737
-145
-615
-965
981
1071
1125
815
-1433
-559
695
-811
-785
-76
-134
-569
-498
428
-664
-1184
1029
1242
1246
880
-1438
-561
597
-883
-683
54
-22
-488
-614
400
-617
-1146
920
1150
1151
758
-1520
-483
580
-1003
-604
97
24
-478
-724
408
-631
-1259
976
1206
1202
767
-1588
-465
561
-1013
-576
149
98
-442
-765
414
-645
-1306
957
1205
1259
739
-1628
-501
563
-1048
-610
128
57
-449
-748
400
-641
-1306
978
1241
1224
719
-1631
-485
546
-1096
-566
185
89
-457
-796
405
-630
-1330
946
1238
1248
740
-1649
-483
557
-1052
-575
145
91
-462
-772
421
-648
-1333
943
1225
1243
728
-1668
-476
555
-1092
-576
165
84
-449
-794
389
-615
-1358
958
1238
1266
710
-1666
-468
528
-1137
-522
204
155
-425
-840
372
-581
-1368
951
1196
1256
664
-1678
-458
504
-1189
-483
229
252
-454
-737
-145
