-229
720
349
44
48
703
872
-640
691
1376
-1114
-1275
-1201
-831
1308
470
-415
738
465
127
139
798
788
-662
724
1294
-1145
-1214
-1205
-801
1298
458
-445
603
508
205
211
834
717
-688
774
1288
-1183
-1249
-1176
-796
1349
476
-525
592
600
263
267
891
643
-747
817
1247
-1188
-1215
-1207
-828
1327
513
-549
570
618
317
308
925
640
-731
827
1267
-1209
-1240
-1230
-867
1366
521
-521
591
618
285
308
938
636
-747
830
1251
-1269
-1259
-1207
-883
1347
523
-571
568
635
319
320
949
656
-747
855
1273
-1270
-1272
-1254
-861
1373
531
-550
608
645
312
326
974
620
-764
857
1274
-1266
-1285
-1237
-853
1349
549
-570
558
639
332
354
980
584
-785
843
1236
-1278
-1259
-1235
-894
1316
540
-580
503
684
394
418
1003
498
-793
878
1186
-1280
-1257
-1211
-928
1322
583
-229
720
349
44
48
703
872
-640
691
1376
-1114
-1275
-1201
-831
1308
470
-415
738
465
127
139
798
788
-662
724
1294
-1145
-1214
-1205
-801
1298
458
-445
603
508
205
211
834
717
-688
774
1288
-1183
-1249
-1176
-796
1349
476
-525
592
600
263
267
891
643
-747
817
1247
-1188
-1215
-1207
-828
1327
513
-549
570
618
317
308
925
640
-731
827
1267
-1209
-1240
-1230
-867
1366
521
-521
591
618
285
308
938
636
-747
830
1251
-1269
-1259
-1207
-883
1347
523
-571
568
635
319
320
949
656
-747
855
1273
-1270
-1272
-1254
-861
1373
531
-550
608
645
312
326
974
620
-764
857
1274
-1266
-1285
-1237
-853
1349
549
-570
558
639
332
354
980
584
-785
843
1236
-1278
-1259
-1235
-894
1316
540
-580
503
684
394
418
1003
498
-793
878
1186
-1280
-1257
-1211
-928
1322
583
-229
720
349
44
48
703
872
-640
691
1376
-1114
-1275
-1201
-831
1308
470
-415
738
465
127
139
798
788
-662
724
1294
-1145
-1214
-1205
-801
1298
458
-445
603
508
205
211
834
717
-688
774
1288
-1183
-1249
-1176
-796
1349
476
-525
592
600
263
267
891
643
-747
817
1247
-1188
-1215
-1207
-828
1327
513
-549
570
618
317
308
925
640
-731
827
1267
-1209
-1240
-1230
-867
1366
521
-521
591
618
285
308
938
636
-747
830
1251
-1269
-1259
-1207
-883
1347
523
-571
568
635
319
320
949
656
-747
855
1273
-1270
-1272
-1254
-861
1373
531
-550
608
645
312
326
974
620
-764
857
1274
-1266
-1285
-1237
-853
1349
549
-570
558
639
332
354
980
584
-785
843
1236
-1278
-1259
-1235
-894
1316
540
-580
503
684
394
418
1003
498
-793
878
1186
-1280
-1257
-1211
-928
1322
583
